P1=(0,0.500174608153141)
P2=(0.232823066954792,0)
P3=(0.247030052347185,0.0797219271738771)
p2p3=Odcinek[P2,P3]
P4=(0.387185237768314,0)
p3p4=Odcinek[P3,P4]
P5=(0.495951068180155,1)
p1p5=Odcinek[P1,P5]
P6=(0.804744819169403,1)
P7=(0.822323303406057,0.908796869831564)
p6p7=Odcinek[P6,P7]
P8=(1,0.890763953440828)
p7p8=Odcinek[P7,P8]
